{
 "cells": [
  {
   "cell_type": "code",
   "execution_count": 1,
   "metadata": {},
   "outputs": [],
   "source": [
    "from gklearn.utils.graphfiles import loadDataset\n",
    "import networkx as nx\n",
    "import matplotlib.pyplot as plt\n",
    "import numpy as np"
   ]
  },
  {
   "cell_type": "code",
   "execution_count": 2,
   "metadata": {},
   "outputs": [],
   "source": [
    "from __future__ import print_function\n",
    "import torch"
   ]
  },
  {
   "cell_type": "code",
   "execution_count": 3,
   "metadata": {},
   "outputs": [
    {
     "name": "stdout",
     "output_type": "stream",
     "text": [
      "0.0 1.0\n"
     ]
    }
   ],
   "source": [
    "def label_to_color(label):\n",
    "    if label == 'C':\n",
    "        return 0.1\n",
    "    elif label == 'O':\n",
    "        return 0.8\n",
    "    \n",
    "def nodes_to_color_sequence(G):\n",
    "    return [label_to_color(c[1]['label'][0]) for c in G.nodes(data=True)]\n",
    "\n",
    "Gs,y = loadDataset('/home/luc/TRAVAIL/DeepGED/MAO/dataset.ds')\n",
    "\n",
    "G1 = Gs[0]\n",
    "G2 = Gs[2]\n",
    "print(y[13],y[23])\n",
    "nx.draw_networkx(G1,with_labels=True,node_color = nodes_to_color_sequence(G1),cmap='autumn')\n",
    "plt.figure()\n",
    "\n",
    "nx.draw_networkx(G2,with_labels=True,node_color = nodes_to_color_sequence(G2),cmap='autumn')"
   ]
  },
  {
   "cell_type": "code",
   "execution_count": 4,
   "metadata": {},
   "outputs": [
    {
     "name": "stdout",
     "output_type": "stream",
     "text": [
      "tensor([0.3214, 0.1487, 0.3421, 0.1878], grad_fn=<DivBackward0>)\n"
     ]
    }
   ],
   "source": [
    "#costs={'nodeSubs':1.0,'nodeIns':1.0,'nodeDel':1.0,'edgeSubs':0,'edgeIns':1.0,'edgeDel':1.0}\n",
    "def construct_cost_matrix(G1,G2,cost):\n",
    "    n = G1.order()\n",
    "    m = G2.order()\n",
    "    \n",
    "    #C2=torch.zeros(((n+1)*(m+1),(n+1)*(m+1)))    \n",
    "    C2=cost[3]*torch.tensor(np.array([ [  k!=l and G1.has_edge(k//(m+1),l//(m+1))^G2.has_edge(k%(m+1),l%(m+1)) for k in range((n+1)*(m+1))] for l in range((n+1)*(m+1))]))        \n",
    "\n",
    "    D=torch.zeros((n+1)*(m+1))\n",
    "    D[n*(m+1):]=costs[1]\n",
    "    D[n*(m+1)+m]=0\n",
    "    D[np.array([i*(m+1)+m for i in range(n)])]=costs[1]\n",
    "    D[[k for k in range(n*(m+1)) if k%(m+1) != m]]=costs[0]*torch.tensor([(G1.nodes[k//(m+1)]!=G2.nodes[k%(m+1)]) for k in range(n*(m+1)) if k%(m+1) != m] )\n",
    "\n",
    "    C2[range(len(C2)),range(len(C2))]=D\n",
    "    \n",
    "    \n",
    "    #C2=C2.masked_fill(mask,costs['edgeDel'])\n",
    "    \n",
    "    return C2\n",
    "x=torch.rand(4,requires_grad=True) # 0 node subs, 1 nodeIns/Del, 2 : edgeSubs, 3 edgeIns/Del\n",
    "x=torch.exp(x)\n",
    "costs=x/x.sum()\n",
    "print(costs)\n",
    "C=construct_cost_matrix(G1,G2,costs)\n",
    "with torch.no_grad():\n",
    "    C2=C.detach().numpy()\n",
    "    plt.figure(1)\n",
    "    plt.imshow(C2)\n",
    "    plt.colorbar()"
   ]
  },
  {
   "cell_type": "code",
   "execution_count": 5,
   "metadata": {},
   "outputs": [
    {
     "name": "stdout",
     "output_type": "stream",
     "text": [
      "ged= tensor([[6.9162]], grad_fn=<AddBackward0>)\n",
      "x0= tensor([[0.0778, 0.0662, 0.0662, 0.0662, 0.0662, 0.0662, 0.0662, 0.0662, 0.0662,\n",
      "         0.0662, 0.0662, 0.2580],\n",
      "        [0.0662, 0.0778, 0.0662, 0.0662, 0.0662, 0.0662, 0.0662, 0.0662, 0.0662,\n",
      "         0.0662, 0.0662, 0.2580],\n",
      "        [0.0662, 0.0662, 0.0778, 0.0662, 0.0662, 0.0662, 0.0662, 0.0662, 0.0662,\n",
      "         0.0662, 0.0662, 0.2580],\n",
      "        [0.0662, 0.0662, 0.0662, 0.0778, 0.0662, 0.0662, 0.0662, 0.0662, 0.0662,\n",
      "         0.0662, 0.0662, 0.2580],\n",
      "        [0.0662, 0.0662, 0.0662, 0.0662, 0.0778, 0.0662, 0.0662, 0.0662, 0.0662,\n",
      "         0.0662, 0.0662, 0.2580],\n",
      "        [0.0662, 0.0662, 0.0662, 0.0662, 0.0662, 0.0778, 0.0662, 0.0662, 0.0662,\n",
      "         0.0662, 0.0662, 0.2580],\n",
      "        [0.0662, 0.0662, 0.0662, 0.0662, 0.0662, 0.0662, 0.0778, 0.0662, 0.0662,\n",
      "         0.0662, 0.0662, 0.2580],\n",
      "        [0.0662, 0.0662, 0.0662, 0.0662, 0.0662, 0.0662, 0.0662, 0.0778, 0.0662,\n",
      "         0.0662, 0.0662, 0.2580],\n",
      "        [0.0662, 0.0662, 0.0662, 0.0662, 0.0662, 0.0662, 0.0662, 0.0662, 0.0778,\n",
      "         0.0662, 0.0662, 0.2580],\n",
      "        [0.0662, 0.0662, 0.0662, 0.0662, 0.0662, 0.0662, 0.0662, 0.0662, 0.0662,\n",
      "         0.0778, 0.0662, 0.2580],\n",
      "        [0.0662, 0.0662, 0.0662, 0.0662, 0.0662, 0.0662, 0.0662, 0.0662, 0.0662,\n",
      "         0.0662, 0.0778, 0.2580],\n",
      "        [0.2598, 0.2598, 0.2598, 0.2598, 0.2598, 0.2598, 0.2598, 0.2598, 0.2598,\n",
      "         0.2598, 0.2598, 1.0000]], grad_fn=<ViewBackward>)\n",
      "c= tensor([[1.0000, 0.8515, 0.8515, 0.8515, 0.8515, 0.8515, 0.8515, 0.8515, 0.8515,\n",
      "         0.8515, 0.8515, 0.9284],\n",
      "        [0.8515, 1.0000, 0.8515, 0.8515, 0.8515, 0.8515, 0.8515, 0.8515, 0.8515,\n",
      "         0.8515, 0.8515, 0.9284],\n",
      "        [0.8515, 0.8515, 1.0000, 0.8515, 0.8515, 0.8515, 0.8515, 0.8515, 0.8515,\n",
      "         0.8515, 0.8515, 0.9284],\n",
      "        [0.8515, 0.8515, 0.8515, 1.0000, 0.8515, 0.8515, 0.8515, 0.8515, 0.8515,\n",
      "         0.8515, 0.8515, 0.9284],\n",
      "        [0.8515, 0.8515, 0.8515, 0.8515, 1.0000, 0.8515, 0.8515, 0.8515, 0.8515,\n",
      "         0.8515, 0.8515, 0.9284],\n",
      "        [0.8515, 0.8515, 0.8515, 0.8515, 0.8515, 1.0000, 0.8515, 0.8515, 0.8515,\n",
      "         0.8515, 0.8515, 0.9284],\n",
      "        [0.8515, 0.8515, 0.8515, 0.8515, 0.8515, 0.8515, 1.0000, 0.8515, 0.8515,\n",
      "         0.8515, 0.8515, 0.9284],\n",
      "        [0.8515, 0.8515, 0.8515, 0.8515, 0.8515, 0.8515, 0.8515, 1.0000, 0.8515,\n",
      "         0.8515, 0.8515, 0.9284],\n",
      "        [0.8515, 0.8515, 0.8515, 0.8515, 0.8515, 0.8515, 0.8515, 0.8515, 1.0000,\n",
      "         0.8515, 0.8515, 0.9284],\n",
      "        [0.8515, 0.8515, 0.8515, 0.8515, 0.8515, 0.8515, 0.8515, 0.8515, 0.8515,\n",
      "         1.0000, 0.8515, 0.9284],\n",
      "        [0.8515, 0.8515, 0.8515, 0.8515, 0.8515, 0.8515, 0.8515, 0.8515, 0.8515,\n",
      "         0.8515, 1.0000, 0.9284],\n",
      "        [0.9284, 0.9284, 0.9284, 0.9284, 0.9284, 0.9284, 0.9284, 0.9284, 0.9284,\n",
      "         0.9284, 0.9284, 1.0000]], grad_fn=<ExpBackward>)\n",
      "x= tensor([[0.1335, 0.0619, 0.0659, 0.0661, 0.0619, 0.0623, 0.0619, 0.0661, 0.0617,\n",
      "         0.0662, 0.0614, 0.2296],\n",
      "        [0.0619, 0.1488, 0.0619, 0.0693, 0.0623, 0.0628, 0.0628, 0.0623, 0.0693,\n",
      "         0.0624, 0.0630, 0.2116],\n",
      "        [0.0659, 0.0619, 0.1335, 0.0617, 0.0661, 0.0619, 0.0623, 0.0619, 0.0661,\n",
      "         0.0662, 0.0614, 0.2296],\n",
      "        [0.0661, 0.0693, 0.0617, 0.1484, 0.0618, 0.0664, 0.0621, 0.0667, 0.0647,\n",
      "         0.0622, 0.0591, 0.2101],\n",
      "        [0.0619, 0.0623, 0.0661, 0.0618, 0.1333, 0.0623, 0.0664, 0.0620, 0.0667,\n",
      "         0.0625, 0.0619, 0.2313],\n",
      "        [0.0623, 0.0628, 0.0619, 0.0664, 0.0623, 0.1336, 0.0628, 0.0664, 0.0621,\n",
      "         0.0627, 0.0623, 0.2329],\n",
      "        [0.0619, 0.0628, 0.0623, 0.0621, 0.0664, 0.0628, 0.1336, 0.0623, 0.0664,\n",
      "         0.0627, 0.0623, 0.2329],\n",
      "        [0.0661, 0.0623, 0.0619, 0.0667, 0.0620, 0.0664, 0.0623, 0.1333, 0.0618,\n",
      "         0.0625, 0.0619, 0.2313],\n",
      "        [0.0617, 0.0693, 0.0661, 0.0647, 0.0667, 0.0621, 0.0664, 0.0618, 0.1484,\n",
      "         0.0622, 0.0591, 0.2101],\n",
      "        [0.0662, 0.0625, 0.0662, 0.0622, 0.0625, 0.0627, 0.0627, 0.0625, 0.0622,\n",
      "         0.1339, 0.0622, 0.2327],\n",
      "        [0.0614, 0.0630, 0.0614, 0.0591, 0.0619, 0.0623, 0.0623, 0.0619, 0.0591,\n",
      "         0.0622, 0.1300, 0.2539],\n",
      "        [0.2312, 0.2131, 0.2312, 0.2116, 0.2328, 0.2345, 0.2345, 0.2328, 0.2116,\n",
      "         0.2342, 0.2555, 1.0000]], grad_fn=<ViewBackward>)\n"
     ]
    }
   ],
   "source": [
    "G1=Gs[0]\n",
    "G2=Gs[0]\n",
    "n=G1.order()\n",
    "m=G2.order()\n",
    "C=construct_cost_matrix(G1,G2,costs)\n",
    "M=(C.max()*torch.ones(((n+1)*(m+1),(n+1)*(m+1))) -C)\n",
    "M2=M.detach().numpy()\n",
    "plt.imshow(M2)\n",
    "plt.colorbar()\n",
    "\n",
    "import svd\n",
    "c=torch.diag(C)\n",
    "D=C-torch.eye(C.shape[0])*c\n",
    "x0=svd.eps_assigment_from_mapping(torch.exp(-0.5*c.view(n+1,m+1)),10).view((n+1)*(m+1),1) # a améliorer.\n",
    "x=svd.franck_wolfe(x0,D,c,2,15,n,m)\n",
    "\n",
    "\n",
    "print('ged=',.5*x.T@D@x+c.T@x)\n",
    "x0=x0.view(n+1,m+1)\n",
    "x=x.view(n+1,m+1)\n",
    "print('x0=',x0)\n",
    "print('c=',torch.exp(-0.5*c.view(n+1,m+1)))\n",
    "print('x=',x)\n",
    "#print(svd.eps_assigment_from_mapping(torch.exp(x.view(n+1,m+1)),50))\n",
    "#print((x.T@D+c).view(n+1,m+1))"
   ]
  },
  {
   "cell_type": "code",
   "execution_count": 6,
   "metadata": {},
   "outputs": [
    {
     "name": "stdout",
     "output_type": "stream",
     "text": [
      "38.58636474609375\n",
      "first_ev= tensor([0.0842, 0.0799, 0.0835, 0.0801, 0.0834, 0.0832, 0.0832, 0.0834, 0.0801,\n",
      "        0.0832, 0.0865, 0.0902, 0.0799, 0.0780, 0.0799, 0.0774, 0.0798, 0.0797,\n",
      "        0.0797, 0.0798, 0.0774, 0.0797, 0.0821, 0.0849, 0.0835, 0.0799, 0.0842,\n",
      "        0.0801, 0.0834, 0.0832, 0.0832, 0.0834, 0.0801, 0.0832, 0.0865, 0.0902,\n",
      "        0.0801, 0.0774, 0.0801, 0.0782, 0.0800, 0.0799, 0.0799, 0.0800, 0.0775,\n",
      "        0.0799, 0.0823, 0.0851, 0.0834, 0.0798, 0.0834, 0.0800, 0.0839, 0.0831,\n",
      "        0.0831, 0.0832, 0.0800, 0.0831, 0.0863, 0.0900, 0.0832, 0.0797, 0.0832,\n",
      "        0.0799, 0.0831, 0.0837, 0.0830, 0.0831, 0.0799, 0.0830, 0.0862, 0.0898,\n",
      "        0.0832, 0.0797, 0.0832, 0.0799, 0.0831, 0.0830, 0.0837, 0.0831, 0.0799,\n",
      "        0.0830, 0.0862, 0.0898, 0.0834, 0.0798, 0.0834, 0.0800, 0.0832, 0.0831,\n",
      "        0.0831, 0.0839, 0.0800, 0.0831, 0.0863, 0.0900, 0.0801, 0.0774, 0.0801,\n",
      "        0.0775, 0.0800, 0.0799, 0.0799, 0.0800, 0.0782, 0.0799, 0.0823, 0.0851,\n",
      "        0.0832, 0.0797, 0.0832, 0.0799, 0.0831, 0.0830, 0.0830, 0.0831, 0.0799,\n",
      "        0.0837, 0.0862, 0.0898, 0.0865, 0.0821, 0.0865, 0.0823, 0.0863, 0.0862,\n",
      "        0.0862, 0.0863, 0.0823, 0.0862, 0.0910, 0.0946, 0.0902, 0.0849, 0.0902,\n",
      "        0.0851, 0.0900, 0.0898, 0.0898, 0.0900, 0.0851, 0.0898, 0.0946, 0.0998],\n",
      "       grad_fn=<SelectBackward>)\n",
      "tensor(38.5864, grad_fn=<DotBackward>)\n"
     ]
    }
   ],
   "source": [
    "#u, l, v = torch.svd(M)\n",
    "e,v=torch.symeig(M,eigenvectors=True)\n",
    "#print(e[-1])\n",
    "#print('w=',w)\n",
    "eig_val=e[-1]\n",
    "#print('w[-1]=',w[:,-1])\n",
    "\n",
    "first_ev=v[:,-1]\n",
    "if(first_ev.sum() <0):\n",
    "    first_ev=-first_ev\n",
    "print(eig_val.item())\n",
    "print('first_ev=',first_ev)\n",
    "print((first_ev@M@first_ev.t()))"
   ]
  },
  {
   "cell_type": "code",
   "execution_count": 7,
   "metadata": {},
   "outputs": [
    {
     "name": "stdout",
     "output_type": "stream",
     "text": [
      "tensor([[0.0842, 0.0799, 0.0835, 0.0801, 0.0834, 0.0832, 0.0832, 0.0834, 0.0801,\n",
      "         0.0832, 0.0865, 0.0902],\n",
      "        [0.0799, 0.0780, 0.0799, 0.0774, 0.0798, 0.0797, 0.0797, 0.0798, 0.0774,\n",
      "         0.0797, 0.0821, 0.0849],\n",
      "        [0.0835, 0.0799, 0.0842, 0.0801, 0.0834, 0.0832, 0.0832, 0.0834, 0.0801,\n",
      "         0.0832, 0.0865, 0.0902],\n",
      "        [0.0801, 0.0774, 0.0801, 0.0782, 0.0800, 0.0799, 0.0799, 0.0800, 0.0775,\n",
      "         0.0799, 0.0823, 0.0851],\n",
      "        [0.0834, 0.0798, 0.0834, 0.0800, 0.0839, 0.0831, 0.0831, 0.0832, 0.0800,\n",
      "         0.0831, 0.0863, 0.0900],\n",
      "        [0.0832, 0.0797, 0.0832, 0.0799, 0.0831, 0.0837, 0.0830, 0.0831, 0.0799,\n",
      "         0.0830, 0.0862, 0.0898],\n",
      "        [0.0832, 0.0797, 0.0832, 0.0799, 0.0831, 0.0830, 0.0837, 0.0831, 0.0799,\n",
      "         0.0830, 0.0862, 0.0898],\n",
      "        [0.0834, 0.0798, 0.0834, 0.0800, 0.0832, 0.0831, 0.0831, 0.0839, 0.0800,\n",
      "         0.0831, 0.0863, 0.0900],\n",
      "        [0.0801, 0.0774, 0.0801, 0.0775, 0.0800, 0.0799, 0.0799, 0.0800, 0.0782,\n",
      "         0.0799, 0.0823, 0.0851],\n",
      "        [0.0832, 0.0797, 0.0832, 0.0799, 0.0831, 0.0830, 0.0830, 0.0831, 0.0799,\n",
      "         0.0837, 0.0862, 0.0898],\n",
      "        [0.0865, 0.0821, 0.0865, 0.0823, 0.0863, 0.0862, 0.0862, 0.0863, 0.0823,\n",
      "         0.0862, 0.0910, 0.0946],\n",
      "        [0.0902, 0.0849, 0.0902, 0.0851, 0.0900, 0.0898, 0.0898, 0.0900, 0.0851,\n",
      "         0.0898, 0.0946, 0.0998]], grad_fn=<ViewBackward>)\n"
     ]
    }
   ],
   "source": [
    "S0 = first_ev.view(G1.order()+1,G2.order()+1)\n",
    "Splot=S0.detach().numpy()\n",
    "plt.imshow(Splot)\n",
    "#print(np.sum(S0,axis=0))\n",
    "#print(np.sum(S0,axis=1))\n",
    "plt.colorbar()\n",
    "\n",
    "print(S0)"
   ]
  },
  {
   "cell_type": "code",
   "execution_count": 8,
   "metadata": {},
   "outputs": [
    {
     "name": "stdout",
     "output_type": "stream",
     "text": [
      "ones_n: tensor([1., 1., 1., 1., 1., 1., 1., 1., 1., 1., 1., 1.])\n",
      "lines: tensor([1.0000, 1.0000, 1.0000, 1.0000, 1.0000, 1.0000, 1.0000, 1.0000, 1.0000,\n",
      "        1.0000, 1.0000, 4.0776], grad_fn=<SumBackward1>)\n",
      "columns: tensor([1.0000, 1.0000, 1.0000, 1.0000, 1.0000, 1.0000, 1.0000, 1.0000, 1.0000,\n",
      "        1.0000, 1.0000, 4.0776], grad_fn=<SumBackward1>)\n",
      "tensor([[0.0664, 0.0663, 0.0663, 0.0663, 0.0663, 0.0663, 0.0663, 0.0663, 0.0663,\n",
      "         0.0663, 0.0663, 0.2703],\n",
      "        [0.0663, 0.0665, 0.0663, 0.0664, 0.0663, 0.0664, 0.0664, 0.0663, 0.0664,\n",
      "         0.0664, 0.0663, 0.2699],\n",
      "        [0.0663, 0.0663, 0.0664, 0.0663, 0.0663, 0.0663, 0.0663, 0.0663, 0.0663,\n",
      "         0.0663, 0.0663, 0.2703],\n",
      "        [0.0663, 0.0664, 0.0663, 0.0665, 0.0663, 0.0664, 0.0664, 0.0663, 0.0664,\n",
      "         0.0664, 0.0663, 0.2700],\n",
      "        [0.0663, 0.0663, 0.0663, 0.0663, 0.0664, 0.0663, 0.0663, 0.0663, 0.0663,\n",
      "         0.0663, 0.0663, 0.2703],\n",
      "        [0.0663, 0.0664, 0.0663, 0.0664, 0.0663, 0.0664, 0.0663, 0.0663, 0.0664,\n",
      "         0.0663, 0.0663, 0.2703],\n",
      "        [0.0663, 0.0664, 0.0663, 0.0664, 0.0663, 0.0663, 0.0664, 0.0663, 0.0664,\n",
      "         0.0663, 0.0663, 0.2703],\n",
      "        [0.0663, 0.0663, 0.0663, 0.0663, 0.0663, 0.0663, 0.0663, 0.0664, 0.0663,\n",
      "         0.0663, 0.0663, 0.2703],\n",
      "        [0.0663, 0.0664, 0.0663, 0.0664, 0.0663, 0.0664, 0.0664, 0.0663, 0.0665,\n",
      "         0.0664, 0.0663, 0.2700],\n",
      "        [0.0663, 0.0664, 0.0663, 0.0664, 0.0663, 0.0663, 0.0663, 0.0663, 0.0664,\n",
      "         0.0664, 0.0663, 0.2703],\n",
      "        [0.0663, 0.0663, 0.0663, 0.0663, 0.0663, 0.0663, 0.0663, 0.0663, 0.0663,\n",
      "         0.0663, 0.0664, 0.2706],\n",
      "        [0.2703, 0.2699, 0.2703, 0.2700, 0.2703, 0.2703, 0.2703, 0.2703, 0.2700,\n",
      "         0.2703, 0.2706, 1.1050]], grad_fn=<MmBackward>)\n",
      "GED= 4.227512836456299\n",
      "tensor(4.2275, grad_fn=<SubBackward0>)\n"
     ]
    }
   ],
   "source": [
    "def proj_bisto_alter_eps_assig(S0):\n",
    "    ones_n = torch.ones(S0.shape[0])\n",
    "    ones_m = torch.ones(S0.shape[1])\n",
    "    print(\"ones_n:\",ones_n)\n",
    "    Sk = S0\n",
    "    for i in range(20):\n",
    "        D=torch.diag(1.0/(torch.matmul(Sk,ones_m)))\n",
    "        D[D.shape[0]-1,D.shape[1]-1]=1.0\n",
    "        Sk1 = torch.matmul(D,Sk)\n",
    "        D=torch.diag(1.0/(torch.matmul(ones_n,Sk1)))\n",
    "        D[D.shape[0]-1,D.shape[1]-1]=1.0\n",
    "        Sk = torch.matmul(Sk1,D)\n",
    "        \n",
    "    return Sk\n",
    "\n",
    "S0=torch.exp(S0)\n",
    "\n",
    "S = proj_bisto_alter_eps_assig(S0)\n",
    "print(\"lines:\",torch.sum(S,0))\n",
    "print(\"columns:\",torch.sum(S,1))\n",
    "Splot=S.detach().numpy()[0:(S.shape[0]-1),0:(S.shape[1]-1)]\n",
    "plt.imshow(Splot)\n",
    "plt.colorbar()\n",
    "v=torch.flatten(S)\n",
    "print(S)\n",
    "#print(v)\n",
    "ged=.5*(v.t()@C@v)\n",
    "print('GED=', ged.item())\n",
    "out=(y[13]!=y[23])*ged-(y[13]==y[23])*ged\n",
    "print(out)\n",
    "out.backward()\n",
    "#torch.nn.HingeEmbeddingLoss(margin=1.0, size_average=None, reduce=None, reduction='mean')"
   ]
  }
 ],
 "metadata": {
  "kernelspec": {
   "display_name": "Python 3",
   "language": "python",
   "name": "python3"
  },
  "language_info": {
   "codemirror_mode": {
    "name": "ipython",
    "version": 3
   },
   "file_extension": ".py",
   "mimetype": "text/x-python",
   "name": "python",
   "nbconvert_exporter": "python",
   "pygments_lexer": "ipython3",
   "version": "3.9.2"
  }
 },
 "nbformat": 4,
 "nbformat_minor": 4
}
